      0/24        0G      1.95      1.96     0.418      4.32       115       512       0.6     0.963     0.945     0.725      1.76      1.14      0.13
      1/24        0G         2      1.76     0.374      4.14        85       512       0.6     0.963     0.945     0.725      1.76      1.14      0.13
      2/24        0G      1.89      2.04     0.457      4.38       180       512     0.596     0.965     0.945     0.722      1.79      1.14     0.128
      3/24        0G      1.75      1.55     0.227      3.53       102       512     0.596     0.965     0.945     0.722      1.79      1.14     0.128
      4/24        0G      2.01      1.76     0.357      4.12       133       512     0.597     0.967     0.945     0.724      1.84      1.12     0.127
      5/24        0G      2.02      1.61       0.3      3.93        73       512     0.597     0.967     0.945     0.724      1.84      1.12     0.127
      6/24        0G      2.06       1.8       0.5      4.36        87       512     0.586     0.968     0.945     0.716      1.85      1.11     0.126
      7/24        0G      1.98      1.61     0.223      3.81        85       512     0.586     0.968     0.945     0.716      1.85      1.11     0.126
      8/24        0G      1.96      1.49     0.466      3.92       104       512     0.585     0.968     0.945     0.715      1.79       1.1     0.123
      9/24        0G      1.92      1.34     0.417      3.67        93       512     0.585     0.968     0.945     0.715      1.79       1.1     0.123
     10/24        0G      2.25      1.48     0.652      4.38        75       512     0.582     0.971     0.946     0.714      1.88      1.07     0.119
     11/24        0G      1.97      1.49     0.398      3.86       105       512     0.582     0.971     0.946     0.714      1.88      1.07     0.119
     12/24        0G      1.87      1.87     0.356       4.1       111       512     0.578     0.971     0.947     0.711      1.76      1.06     0.116
     13/24        0G      1.89      1.63     0.265      3.79       109       512     0.578     0.971     0.947     0.711      1.76      1.06     0.116
     14/24        0G      1.92       1.3     0.424      3.65        92       512     0.579     0.971     0.969     0.712      1.81      1.05     0.114
     15/24        0G      1.99      1.31     0.359      3.66        90       512     0.579     0.971     0.969     0.712      1.81      1.05     0.114
     16/24        0G      1.95      1.46     0.269      3.67        94       512     0.576     0.978     0.972     0.713      1.71      1.03     0.111
     17/24        0G      1.92       1.7     0.335      3.96       123       512     0.576     0.978     0.972     0.713      1.71      1.03     0.111
     18/24        0G      1.78      1.76      0.36       3.9        75       512     0.577     0.977     0.972     0.713      1.69      1.02      0.11
